.Random.seed <-
c(403L, 11L, -2006287938L, 653392888L, -1752821797L, -548265415L, 
1958192008L, 131842870L, 1740718449L, 708074403L, -143766798L, 
-157595068L, 1596380423L, -1332392739L, -1192015404L, 193514746L, 
1072034885L, -1585748833L, -243620314L, -171498832L, -511185069L, 
951179889L, -731355232L, 1082855230L, 84481609L, -1485114629L, 
-1080495414L, -2025253844L, -803910609L, 1013146853L, 329960860L, 
511324146L, -940955027L, -571019353L, 1475441102L, 1414199080L, 
1074969899L, -1242345655L, -561105832L, 1748619526L, -1178612511L, 
-1267684237L, -613902110L, -41107372L, -1462925993L, -272501427L, 
1095174372L, -607341366L, -248071883L, -1088327793L, -356209514L, 
877192256L, 1941009667L, -373024479L, -1805397488L, -1695720978L, 
283356569L, 1447909931L, 993307418L, -3517988L, -1013454881L, 
965140405L, -803854004L, 698572706L, -687819011L, -887654409L, 
-1904144098L, -103908392L, -1829561029L, -459130151L, 1694881384L, 
-886929514L, 909841169L, 1114045635L, 1519662290L, -1215512220L, 
-1103981401L, 1801927165L, 1979880436L, 1922641114L, -686146011L, 
1601753919L, 1429315782L, 201145680L, -1025882765L, -1109356655L, 
1127195072L, 1599415198L, -866599575L, -1322711653L, 1285335210L, 
-1808017716L, -1418070129L, 1290335173L, -1914726532L, -131766318L, 
-1710471347L, 529143303L, -652909074L, -239963960L, 853196747L, 
1714264617L, 1096411256L, -90217050L, 1103687617L, -54463405L, 
24124162L, -994410956L, -1608221769L, 972762029L, 1278804164L, 
-1238600470L, 1613560661L, 100224239L, 334119670L, 1205300768L, 
874722275L, -1465190271L, -1035196688L, -1783642738L, 1687350009L, 
27306123L, 1674145978L, 2006967228L, 1036728575L, -1199289259L, 
442529644L, -1501026366L, -1561227235L, 1501655191L, 1591430654L, 
7437752L, -554577509L, 1427773433L, -1470251192L, -999699850L, 
-149748815L, 952573411L, 713671346L, -1723531516L, 718840903L, 
1826583325L, 2123549076L, -388780742L, 1452380549L, 483648095L, 
652428518L, 838195056L, -2038146925L, -1689987791L, -1364212768L, 
-1115631490L, -1238234359L, 1041141051L, -447913718L, -148098836L, 
1700248943L, -243432795L, 285178972L, -933585870L, -1240450259L, 
519078375L, -2029355762L, 1848382184L, 1612766443L, -968911479L, 
934208792L, -940029882L, -1874415455L, 746878771L, -849975646L, 
263984532L, 816348183L, 348482573L, -1270568668L, -188103414L, 
520086645L, 1267847119L, -1299803946L, -1155190656L, -777670973L, 
-1915488159L, 1323075792L, -1201552850L, -863452199L, 1907969003L, 
-1170183590L, -541500388L, -1526503137L, -500729483L, 2124085260L, 
1526227426L, 1710455485L, 93246775L, -438085154L, 828391192L, 
1079383675L, 730256409L, -624737112L, 1151647318L, -1901094191L, 
2115279491L, -658968302L, -917883740L, -1401854873L, -784470595L, 
1791029044L, 853036186L, -1145048347L, -993604481L, -1566554618L, 
-1479634544L, -581759949L, -1977924655L, 430344576L, -337976226L, 
-1850920023L, 425126491L, 1331449450L, -565284084L, -557247153L, 
680463877L, -1465846596L, -142269038L, -127795571L, -1945004857L, 
1725968814L, -1912742904L, 824578059L, 266522464L, 338008396L, 
1363448096L, -130977918L, -1903317272L, 115337452L, -861741508L, 
719737714L, 1964136048L, -1558770652L, -1586929864L, -58900326L, 
188978896L, 146011324L, -1235166572L, -251155838L, 821530816L, 
-986593988L, 529193104L, 1993866786L, 378968584L, 1932104972L, 
-1455578468L, -1774930414L, 478560640L, -1574051308L, 1099955752L, 
898277690L, -541279280L, 1580478060L, 1757989684L, -897879406L, 
-1536273056L, 907531596L, -122842144L, -992579678L, 1507119016L, 
685690764L, 882707132L, -1325880462L, 304709872L, -1932469180L, 
570064216L, -1376677830L, -2096041104L, -1767828420L, 449997588L, 
-1804476990L, 1228254432L, 1826387836L, -1491716400L, -242361694L, 
2028557352L, -1239785204L, -2125128772L, 1003328818L, -335607872L, 
-362453452L, 563207112L, 756266170L, 1950082960L, 1976355308L, 
1212372052L, -455017838L, 524745504L, -918240820L, 1868934112L, 
-1166035262L, -5442008L, -428151124L, -1720871236L, 1174200818L, 
-997631696L, -1837692764L, 447048376L, 355823450L, -2080965232L, 
1309691260L, 1535906068L, 560692546L, -400227584L, 1634741180L, 
1338221392L, -139889374L, -477312696L, 530910220L, 1996655708L, 
-1615039278L, -1071549440L, -788232364L, 1308641768L, 1072192506L, 
1552403152L, -1971985108L, 1729707252L, 622625682L, 1709083744L, 
-201631476L, -1632933152L, 1148523874L, -1758603608L, -1298436532L, 
-217959556L, -363544782L, -7478672L, -110284476L, 986679256L, 
1298330746L, -631465424L, -107606340L, -1278992556L, 1797819970L, 
-1385537632L, 18554044L, -1425133104L, -510119582L, 546023400L, 
-912868404L, -1104204036L, 1706591218L, -1211550592L, 1847501044L, 
-453640056L, -1812778694L, -568994992L, -1433083796L, 186948756L, 
972539218L, -1143180576L, 1928662220L, 1488772256L, 1182285186L, 
1567247592L, -1392522004L, 1258858556L, 1019579506L, -628974480L, 
-1608625628L, -967354824L, 311194138L, -954837808L, -184596932L, 
-1921736556L, 893717634L, -651129920L, 852193596L, 1919282832L, 
-2070617054L, 183447560L, -1124076404L, 597189660L, 2107273362L, 
1352426624L, -1697825772L, -1953958104L, -1690802118L, -663602992L, 
-1034225556L, 1155509940L, 240348178L, 1246573536L, 1006928844L, 
-740859424L, -369506270L, -589044440L, -1153298164L, 943866428L, 
1156880626L, 436411632L, 1095628612L, -894960552L, 1309464122L, 
1098510576L, -104499524L, -1946848748L, 738131138L, 977185376L, 
-789937796L, 469388496L, -1287796702L, -89705304L, -1324555892L, 
794210748L, 959360050L, 587953984L, -864816460L, 1860156744L, 
-477063494L, -2133474544L, 954153196L, -1897018284L, 1168435986L, 
2043366816L, 423737292L, -2030046368L, 819461314L, 606085672L, 
213499308L, 734972732L, 478150514L, 732864304L, -498940892L, 
799457848L, -1099438374L, -544341104L, 291346684L, 1894580628L, 
-1885322430L, 1577794048L, -1515912132L, 943139408L, -1220311902L, 
-385501368L, -915038708L, 581476060L, 771358802L, -1237966720L, 
-857449644L, 963077096L, 1117160186L, 1043701584L, -684163028L, 
510595444L, -1509674350L, -856358304L, -56195956L, -1442433696L, 
271336299L, -861889956L, 892245898L, 819865471L, -655336759L, 
-1011584162L, -56031220L, -630974499L, 1913496295L, 1921399568L, 
-1750265298L, 1162094811L, 600479165L, -1075182806L, -929133624L, 
1160497393L, 657221219L, 561295972L, 1316549010L, -69288345L, 
1509334577L, -1636670602L, -824780652L, 704063141L, 1563460527L, 
1380036712L, 1717613638L, -2024398349L, -1865507499L, -1747056846L, 
1208666880L, 1189285865L, -1989881253L, -828887892L, -1176440134L, 
127686767L, 1994413561L, -493825906L, 1123785052L, 1886835149L, 
29291831L, 47384512L, 1376673950L, 691914091L, -1192067859L, 
184376666L, 362909208L, 704998273L, 2021003571L, -1805549740L, 
-688449182L, 2029277687L, 1590977089L, 505558726L, -944785404L, 
-1770498123L, -1490777953L, 1914008824L, 242851030L, -610239133L, 
1131436325L, -204497214L, 386018224L, 1732098009L, 1201135947L, 
1215883196L, 1259782122L, 1061324831L, -491278679L, 899101246L, 
-706166996L, -272971395L, -1351231545L, 1342684848L, 1155804366L, 
-579684869L, -1937125795L, -2058217078L, 204751272L, -1827799279L, 
-92725757L, -968361724L, 1022045490L, 2075605895L, -279164463L, 
-1665531050L, 776022324L, 156072005L, -1242398577L, 448343560L, 
1221906982L, -115813677L, 1915331637L, 2135440274L, 752675680L, 
-320858423L, 2066795003L, 1224897996L, -1221823398L, -520050353L, 
-2121009127L, 1724431918L, -2049858500L, 235033005L, -1307139497L, 
1742658464L, 874004734L, -882433077L, -382306867L, 709998842L, 
-1032615112L, -2066257695L, -996455533L, -1336578124L, -142969662L, 
222279895L, 1009665313L, 1354613990L, -1071820316L, -1588867819L, 
-1155349185L, -1293920040L, -199866122L, 624816899L, -692853691L, 
1734835298L, 1881119696L, -736612103L, -1695385045L, -1696078436L, 
1518951882L, -492466497L, 96686089L, 120844574L, 615871692L, 
-637591395L, -2126703321L, 44533584L, -1296774674L, -1027727717L, 
-1163423491L, 529176554L, -534179704L, -362885583L, -704763741L, 
-924574556L, 2014690642L, 1047115943L, 2141613297L, 1736858678L, 
